%YAML:1.0
---
cameraMatrix: !!opencv-matrix
   rows: 3
   cols: 3
   dt: d
   data: [ 3.6680666633304929e+02, 0., 2.4874912241333493e+02, 0.,
       3.6625109810775206e+02, 2.0592585603509502e+02, 0., 0., 1. ]
distortionCoefficients: !!opencv-matrix
   rows: 1
   cols: 5
   dt: d
   data: [ 8.2845731674739242e-02, -2.3838856221574392e-01,
       4.4724921565610602e-04, 4.7782850165404333e-03,
       -1.7559961060105891e-02 ]
rotation: !!opencv-matrix
   rows: 3
   cols: 3
   dt: d
   data: [ 1., 0., 0., 0., 1., 0., 0., 0., 1. ]
projection: !!opencv-matrix
   rows: 4
   cols: 4
   dt: d
   data: [ 3.6680666633304929e+02, 0., 2.4874912241333493e+02, 0., 0.,
       3.6625109810775206e+02, 2.0592585603509502e+02, 0., 0., 0., 1.,
       0., 0., 0., 0., 1. ]
