%YAML:1.0
---
depthShift: -2.6022681701386528e+01
