%YAML:1.0
---
rotation: !!opencv-matrix
   rows: 3
   cols: 3
   dt: d
   data: [ 9.9985338134086488e-01, -1.4330129216460485e-02,
       9.3735381728809221e-03, 1.4340626512186788e-02,
       9.9989661280271824e-01, -1.0536303378881698e-03,
       -9.3574704101522903e-03, 1.1878982660558565e-03,
       9.9995551233304003e-01 ]
translation: !!opencv-matrix
   rows: 3
   cols: 1
   dt: d
   data: [ -5.1917687736304459e-02, -3.5134595337649340e-04,
       3.4572421699276042e-03 ]
essential: !!opencv-matrix
   rows: 3
   cols: 3
   dt: d
   data: [ -4.6291309358666696e-05, -3.4573020985981329e-03,
       -3.4768766757906978e-04, 2.9709170469603488e-03,
       1.2130204211926666e-05, 5.1947784630955826e-02,
       -3.9323772969876577e-04, -5.1917354944991619e-02,
       5.7995405577836753e-05 ]
fundamental: !!opencv-matrix
   rows: 3
   cols: 3
   dt: d
   data: [ -4.0699765128730322e-08, -3.0443042373426920e-06,
       5.2489572994854892e-04, 2.6131147865148369e-06,
       1.0685487938222700e-08, 1.6107720056101373e-02,
       -1.7217794192031066e-03, -4.5577743444854990e-02,
       9.9999999999999989e-01 ]
