%YAML:1.0
---
cameraMatrix: !!opencv-matrix
   rows: 3
   cols: 3
   dt: d
   data: [ 1.0589255154155226e+03, 0., 9.3198407099242422e+02, 0.,
       1.0584976282347370e+03, 5.3330980545158184e+02, 0., 0., 1. ]
distortionCoefficients: !!opencv-matrix
   rows: 1
   cols: 5
   dt: d
   data: [ 5.8109686211459531e-02, -7.8594435714607488e-02,
       3.1185613021476663e-06, -2.8448942653901286e-05,
       2.5697857629546031e-02 ]
rotation: !!opencv-matrix
   rows: 3
   cols: 3
   dt: d
   data: [ 1., 0., 0., 0., 1., 0., 0., 0., 1. ]
projection: !!opencv-matrix
   rows: 4
   cols: 4
   dt: d
   data: [ 1.0589255154155226e+03, 0., 9.3198407099242422e+02, 0., 0.,
       1.0584976282347370e+03, 5.3330980545158184e+02, 0., 0., 0., 1.,
       0., 0., 0., 0., 1. ]
