%YAML:1.0
---
cameraMatrix: !!opencv-matrix
   rows: 3
   cols: 3
   dt: d
   data: [ 1.0714802301977782e+03, 0., 9.5791601206726330e+02, 0.,
       1.0710887017360512e+03, 5.3466917385342072e+02, 0., 0., 1. ]
distortionCoefficients: !!opencv-matrix
   rows: 1
   cols: 5
   dt: d
   data: [ 8.0151722441622081e-02, -1.4219134490557822e-01,
       -4.8749815990897105e-04, 1.5953639918029981e-03,
       6.4426439199303076e-02 ]
rotation: !!opencv-matrix
   rows: 3
   cols: 3
   dt: d
   data: [ 1., 0., 0., 0., 1., 0., 0., 0., 1. ]
projection: !!opencv-matrix
   rows: 4
   cols: 4
   dt: d
   data: [ 1.0714802301977782e+03, 0., 9.5791601206726330e+02, 0., 0.,
       1.0710887017360512e+03, 5.3466917385342072e+02, 0., 0., 0., 1.,
       0., 0., 0., 0., 1. ]
