%YAML:1.0
---
depthShift: -2.9568238269983397e+01
