%YAML:1.0
---
cameraMatrix: !!opencv-matrix
   rows: 3
   cols: 3
   dt: d
   data: [ 3.6344999791852308e+02, 0., 2.5572964309678520e+02, 0.,
       3.6313398485599703e+02, 2.1149558304865192e+02, 0., 0., 1. ]
distortionCoefficients: !!opencv-matrix
   rows: 1
   cols: 5
   dt: d
   data: [ 1.3257159071840688e-01, -5.1062022843110244e-01,
       -9.1631805086545969e-04, 2.7029629811483772e-04,
       4.5060124151301451e-01 ]
rotation: !!opencv-matrix
   rows: 3
   cols: 3
   dt: d
   data: [ 1., 0., 0., 0., 1., 0., 0., 0., 1. ]
projection: !!opencv-matrix
   rows: 4
   cols: 4
   dt: d
   data: [ 3.6344999791852308e+02, 0., 2.5572964309678520e+02, 0., 0.,
       3.6313398485599703e+02, 2.1149558304865192e+02, 0., 0., 0., 1.,
       0., 0., 0., 0., 1. ]
