%YAML:1.0
---
rotation: !!opencv-matrix
   rows: 3
   cols: 3
   dt: d
   data: [ 9.9999759537963928e-01, 5.4790532282973029e-04,
       2.1234487741725993e-03, -5.4281964385459599e-04,
       9.9999698502572387e-01, -2.3948457771522263e-03,
       -2.1247545207778318e-03, 2.3936873687499653e-03,
       9.9999487782638519e-01 ]
translation: !!opencv-matrix
   rows: 3
   cols: 1
   dt: d
   data: [ -5.2412898052178754e-02, 4.0111992616724578e-04,
       3.4809538091683913e-03 ]
essential: !!opencv-matrix
   rows: 3
   cols: 3
   dt: d
   data: [ 1.0372487304691598e-06, -3.4799831584815802e-03,
       4.0945421909169245e-04, 3.3695808967125528e-03,
       1.2736732514764774e-04, 5.2420021211314304e-02,
       -3.7266821097203329e-04, -5.2412959804382028e-02,
       1.2466904995305438e-04 ]
fundamental: !!opencv-matrix
   rows: 3
   cols: 3
   dt: d
   data: [ 7.0294328704182752e-10, -2.3604363464829505e-06,
       5.9989476717393301e-04, 2.2843991366455089e-06,
       8.6423510557279642e-08, 1.2313828459000691e-02,
       -1.4926811881020056e-03, -3.5877478637701486e-02, 1. ]
