%YAML:1.0
cameraMatrix: !!opencv-matrix
   rows: 3
   cols: 3
   dt: d
   data: [ 1.0607072507083330e+03, 0., 9.5635447181548398e+02, 0.,
       1.0586083263054650e+03, 5.1897844298824486e+02, 0., 0., 1. ]
distortionCoefficients: !!opencv-matrix
   rows: 1
   cols: 5
   dt: d
   data: [ 5.4463494862350220e-02, -6.7829726467954723e-02,
       3.4265739025340377e-04, -2.0097015002468470e-03,
       1.9269773352285163e-02 ]
rotation: !!opencv-matrix
   rows: 3
   cols: 3
   dt: d
   data: [ 1., 0., 0., 0., 1., 0., 0., 0., 1. ]
projection: !!opencv-matrix
   rows: 4
   cols: 4
   dt: d
   data: [ 1.0607072507083330e+03, 0., 9.5635447181548398e+02, 0., 0.,
       1.0586083263054650e+03, 5.1897844298824486e+02, 0., 0., 0., 1.,
       0., 0., 0., 0., 1. ]
