%YAML:1.0
cameraMatrix: !!opencv-matrix
   rows: 3
   cols: 3
   dt: d
   data: [ 3.6753450559472907e+02, 0., 2.4449142359870606e+02, 0.,
       3.6659938826108794e+02, 2.0783007950245891e+02, 0., 0., 1. ]
distortionCoefficients: !!opencv-matrix
   rows: 1
   cols: 5
   dt: d
   data: [ 1.0290630865336201e-01, -2.8973989337475542e-01,
       1.0698071918753883e-03, 1.1438966542906426e-04,
       1.1137787974461313e-01 ]
rotation: !!opencv-matrix
   rows: 3
   cols: 3
   dt: d
   data: [ 1., 0., 0., 0., 1., 0., 0., 0., 1. ]
projection: !!opencv-matrix
   rows: 4
   cols: 4
   dt: d
   data: [ 3.6753450559472907e+02, 0., 2.4449142359870606e+02, 0., 0.,
       3.6659938826108794e+02, 2.0783007950245891e+02, 0., 0., 0., 1.,
       0., 0., 0., 0., 1. ]
