%YAML:1.0
rotation: !!opencv-matrix
   rows: 3
   cols: 3
   dt: d
   data: [ 9.9983695759005575e-01, -1.6205694274052811e-02,
       -7.9645282444769407e-03, 1.6266694212988934e-02,
       9.9983838631845712e-01, 7.6547961099503467e-03,
       7.8391897822575607e-03, -7.7831045990485416e-03,
       9.9993898333166209e-01 ]
translation: !!opencv-matrix
   rows: 3
   cols: 1
   dt: d
   data: [ -5.1927840124258939e-02, -4.5307585220976776e-04,
       7.0571985343338605e-05 ]
essential: !!opencv-matrix
   rows: 3
   cols: 3
   dt: d
   data: [ -4.6997204968140739e-06, -6.7034243195921797e-05,
       -4.5358842118963920e-04, 4.7763267283356856e-04,
       -4.0530347930856423e-04, 5.1924109587890038e-02,
       -3.9169231481136151e-04, -5.1926790283585753e-02,
       -4.0110556400311604e-04 ]
fundamental: !!opencv-matrix
   rows: 3
   cols: 3
   dt: d
   data: [ -2.8319694085815202e-09, -4.0496698697012187e-08,
       -9.1347343268389521e-05, 2.8838375136597074e-07,
       -2.4533723940803249e-07, 1.1502907325842988e-02,
       -3.9731207149922921e-04, -3.3108322570132707e-02, 1. ]
