%YAML:1.0
depthShift: -3.0533255170149037e+01
