%YAML:1.0
cameraMatrix: !!opencv-matrix
   rows: 3
   cols: 3
   dt: d
   data: [ 1.0460965216006525e+03, 0., 9.5580388498895684e+02, 0.,
       1.0456953439690101e+03, 5.1714729401121417e+02, 0., 0., 1. ]
distortionCoefficients: !!opencv-matrix
   rows: 1
   cols: 5
   dt: d
   data: [ 2.6826771252314682e-02, -3.9070751102374311e-02,
       -2.7121472109735787e-03, -1.2209998709723521e-03,
       1.1405126846774246e-02 ]
rotation: !!opencv-matrix
   rows: 3
   cols: 3
   dt: d
   data: [ 1., 0., 0., 0., 1., 0., 0., 0., 1. ]
projection: !!opencv-matrix
   rows: 4
   cols: 4
   dt: d
   data: [ 1.0460965216006525e+03, 0., 9.5580388498895684e+02, 0., 0.,
       1.0456953439690101e+03, 5.1714729401121417e+02, 0., 0., 0., 1.,
       0., 0., 0., 0., 1. ]
