%YAML:1.0
rotation: !!opencv-matrix
   rows: 3
   cols: 3
   dt: d
   data: [ 9.9998434461716568e-01, -9.8000789816302656e-04,
       5.5090929468662913e-03, 9.5849818785774120e-04,
       9.9999191341362248e-01, 3.9056866984028839e-03,
       -5.5128760009225007e-03, -3.9003450977760780e-03,
       9.9997719749318115e-01 ]
translation: !!opencv-matrix
   rows: 3
   cols: 1
   dt: d
   data: [ -5.1475446821486776e-02, -1.0391733460154799e-04,
       -1.2951411011249529e-03 ]
essential: !!opencv-matrix
   rows: 3
   cols: 3
   dt: d
   data: [ 1.8142737784530541e-06, 1.2955359413211547e-03,
       -9.8856549654598560e-05, -1.5788985806141271e-03,
       -1.9950275815768111e-04, 5.1467137999554227e-02,
       5.4576585238329085e-05, -5.1475132400648396e-02,
       -2.0047447768991539e-04 ]
fundamental: !!opencv-matrix
   rows: 3
   cols: 3
   dt: d
   data: [ 1.1658661002251656e-09, 8.3566864443543123e-07,
       -1.9631865409065787e-04, -1.0150014643037528e-06,
       -1.2873603506352383e-07, 1.2228622410371584e-02,
       5.6047891546453480e-04, -3.5466085595076274e-02, 1. ]
