%YAML:1.0
cameraMatrix: !!opencv-matrix
   rows: 3
   cols: 3
   dt: d
   data: [ 3.6104182970186707e+02, 0., 2.5278559490764502e+02, 0.,
       3.5968202199680167e+02, 2.0712564598704321e+02, 0., 0., 1. ]
distortionCoefficients: !!opencv-matrix
   rows: 1
   cols: 5
   dt: d
   data: [ 9.3322539318361458e-02, -2.7137681143201842e-01,
       1.1821842512164758e-03, -1.3277871356918798e-03,
       1.0343718653939141e-01 ]
rotation: !!opencv-matrix
   rows: 3
   cols: 3
   dt: d
   data: [ 1., 0., 0., 0., 1., 0., 0., 0., 1. ]
projection: !!opencv-matrix
   rows: 4
   cols: 4
   dt: d
   data: [ 3.6104182970186707e+02, 0., 2.5278559490764502e+02, 0., 0.,
       3.5968202199680167e+02, 2.0712564598704321e+02, 0., 0., 0., 1.,
       0., 0., 0., 0., 1. ]
