%YAML:1.0
---
cameraMatrix: !!opencv-matrix
   rows: 3
   cols: 3
   dt: d
   data: [ 3.6968200925882445e+02, 0., 2.5406973626500383e+02, 0.,
       3.6852853853476734e+02, 2.0928172850205408e+02, 0., 0., 1. ]
distortionCoefficients: !!opencv-matrix
   rows: 1
   cols: 5
   dt: d
   data: [ 8.4730315441381321e-02, -2.9291593145056588e-01,
       -1.1559715519885211e-03, -2.1005556472431891e-04,
       1.8530296578819513e-01 ]
rotation: !!opencv-matrix
   rows: 3
   cols: 3
   dt: d
   data: [ 1., 0., 0., 0., 1., 0., 0., 0., 1. ]
projection: !!opencv-matrix
   rows: 4
   cols: 4
   dt: d
   data: [ 3.6968200925882445e+02, 0., 2.5406973626500383e+02, 0., 0.,
       3.6852853853476734e+02, 2.0928172850205408e+02, 0., 0., 0., 1.,
       0., 0., 0., 0., 1. ]
