%YAML:1.0
---
cameraMatrix: !!opencv-matrix
   rows: 3
   cols: 3
   dt: d
   data: [ 1.0554453136129243e+03, 0., 9.8477520204192604e+02, 0.,
       1.0553208177915956e+03, 5.2519981331727320e+02, 0., 0., 1. ]
distortionCoefficients: !!opencv-matrix
   rows: 1
   cols: 5
   dt: d
   data: [ 3.4763750146590514e-02, -3.8964256607641114e-02,
       -9.9871545381153247e-04, -6.4931669240981399e-04,
       1.1256698786507873e-03 ]
rotation: !!opencv-matrix
   rows: 3
   cols: 3
   dt: d
   data: [ 1., 0., 0., 0., 1., 0., 0., 0., 1. ]
projection: !!opencv-matrix
   rows: 4
   cols: 4
   dt: d
   data: [ 1.0554453136129243e+03, 0., 9.8477520204192604e+02, 0., 0.,
       1.0553208177915956e+03, 5.2519981331727320e+02, 0., 0., 0., 1.,
       0., 0., 0., 0., 1. ]
