%YAML:1.0
---
depthShift: 1.7446004423915880e+01
