%YAML:1.0
---
rotation: !!opencv-matrix
   rows: 3
   cols: 3
   dt: d
   data: [ 9.9999778588871202e-01, 6.2251060883648638e-04,
       -2.0101488043181496e-03, -6.2716745591000363e-04,
       9.9999711938510905e-01, -2.3168691085582852e-03,
       2.0087007382542164e-03, 2.3181246786638369e-03,
       9.9999529569859391e-01 ]
translation: !!opencv-matrix
   rows: 3
   cols: 1
   dt: d
   data: [ -6.7227986900450176e-02, -2.4962533635871399e-03,
       -1.5184933928582800e-02 ]
essential: !!opencv-matrix
   rows: 3
   cols: 3
   dt: d
   data: [ -1.4537722354457832e-05, 1.5179103560109678e-02,
       -2.5314231247935640e-03, -1.5049859400530902e-02,
       1.4639007306579881e-04, 6.7258194616517067e-02,
       2.5384110421146962e-03, -6.7226239298308843e-02,
       1.5074060536612424e-04 ]
fundamental: !!opencv-matrix
   rows: 3
   cols: 3
   dt: d
   data: [ -4.4356442969662489e-09, 4.6458336647741947e-06,
       -1.2566922250436580e-03, -4.5924455394707974e-06,
       4.4810562004722582e-08, 8.7446856131882574e-03,
       3.2337636813238352e-03, -2.6315248962158533e-02, 1. ]
