%YAML:1.0
---
cameraMatrix: !!opencv-matrix
   rows: 3
   cols: 3
   dt: d
   data: [ 1.0664507059299046e+03, 0., 9.4765346542766179e+02, 0.,
       1.0656402050280681e+03, 5.3970300703286716e+02, 0., 0., 1. ]
distortionCoefficients: !!opencv-matrix
   rows: 1
   cols: 5
   dt: d
   data: [ 7.7355828816755193e-02, -1.4462082685672481e-01,
       2.1641752178492200e-03, -5.8784624693274097e-05,
       6.5928658920441113e-02 ]
rotation: !!opencv-matrix
   rows: 3
   cols: 3
   dt: d
   data: [ 1., 0., 0., 0., 1., 0., 0., 0., 1. ]
projection: !!opencv-matrix
   rows: 4
   cols: 4
   dt: d
   data: [ 1.0664507059299046e+03, 0., 9.4765346542766179e+02, 0., 0.,
       1.0656402050280681e+03, 5.3970300703286716e+02, 0., 0., 0., 1.,
       0., 0., 0., 0., 1. ]
