%YAML:1.0
---
rotation: !!opencv-matrix
   rows: 3
   cols: 3
   dt: d
   data: [ 9.9997005839575603e-01, -7.0809739419795568e-03,
       3.1212369377215041e-03, 7.0823143798280494e-03,
       9.9997483247609131e-01, -4.1861371028645430e-04,
       -3.1181941911419594e-03, 4.4070675756725808e-04,
       9.9999504130897576e-01 ]
translation: !!opencv-matrix
   rows: 3
   cols: 1
   dt: d
   data: [ -5.0322817050817453e-02, 6.7773440425156423e-04,
       -7.4011785484472906e-03 ]
essential: !!opencv-matrix
   rows: 3
   cols: 3
   dt: d
   data: [ 5.0304165778868855e-05, 7.4012909612410100e-03,
       6.7463280876339901e-04, -7.5578732610980127e-03,
       7.4585157975609433e-05, 5.0299466683648146e-02,
       -1.0341161226287102e-03, -5.0316751530460085e-02,
       1.8950451501194481e-05 ]
fundamental: !!opencv-matrix
   rows: 3
   cols: 3
   dt: d
   data: [ 2.6726793817626824e-08, 3.9264162640048644e-06,
       -7.0361314404445840e-04, -4.0185808061651790e-06,
       3.9597837120707998e-08, 1.0786098634601957e-02,
       1.5575725944633827e-03, -3.2209288589101687e-02, 1. ]
