%YAML:1.0
---
depthShift: -2.3750166734104035e+01
