%YAML:1.0
---
cameraMatrix: !!opencv-matrix
   rows: 3
   cols: 3
   dt: d
   data: [ 3.6496731702267442e+02, 0., 2.5718811161971558e+02, 0.,
       3.6551737376181524e+02, 2.1076633827605099e+02, 0., 0., 1. ]
distortionCoefficients: !!opencv-matrix
   rows: 1
   cols: 5
   dt: d
   data: [ 1.3130582923050710e-01, -5.6542642706183710e-01,
       -8.0520621689376211e-04, 8.9795888371169499e-04,
       7.4514913877718258e-01 ]
rotation: !!opencv-matrix
   rows: 3
   cols: 3
   dt: d
   data: [ 1., 0., 0., 0., 1., 0., 0., 0., 1. ]
projection: !!opencv-matrix
   rows: 4
   cols: 4
   dt: d
   data: [ 3.6496731702267442e+02, 0., 2.5718811161971558e+02, 0., 0.,
       3.6551737376181524e+02, 2.1076633827605099e+02, 0., 0., 0., 1.,
       0., 0., 0., 0., 1. ]
