%YAML:1.0
rotation: !!opencv-matrix
   rows: 3
   cols: 3
   dt: d
   data: [ 9.9993898973292150e-01, -1.8443569009412734e-04,
       -1.1044582173199121e-02, 2.0939196167625405e-04,
       9.9999742770762645e-01, 2.2584802715023685e-03,
       1.1044137218937189e-02, -2.2606551277449521e-03,
       9.9993645621683525e-01 ]
translation: !!opencv-matrix
   rows: 3
   cols: 1
   dt: d
   data: [ -5.0892064250087667e-02, -5.0674534703463031e-03,
       5.9036685213472467e-02 ]
essential: !!opencv-matrix
   rows: 3
   cols: 3
   dt: d
   data: [ -6.8327458804796535e-05, -5.9025077589184988e-02,
       -5.2004646540313093e-03, 5.9595142310473095e-02,
       -1.2593787778670282e-04, 5.0236794854718665e-02,
       5.0564879144895892e-03, -5.0892867960096747e-02,
       -1.7090662934695678e-04 ]
fundamental: !!opencv-matrix
   rows: 3
   cols: 3
   dt: d
   data: [ 5.1613751966244429e-08, 4.4614330593568007e-05,
       -7.9372157523446216e-03, -4.5068410540225394e-05,
       9.5298355020914013e-08, -9.5018608026616524e-04,
       2.1169909027683807e-02, -3.1564752936478744e-03, 1. ]
