%YAML:1.0
cameraMatrix: !!opencv-matrix
   rows: 3
   cols: 3
   dt: d
   data: [ 3.6948070006373416e+02, 0., 2.4941665910322348e+02, 0.,
       3.6888517685623077e+02, 2.0799363127453651e+02, 0., 0., 1. ]
distortionCoefficients: !!opencv-matrix
   rows: 1
   cols: 5
   dt: d
   data: [ 1.1031022485940165e-01, -2.8160194468580368e-01,
       4.0420701075573963e-04, -8.5248734567275710e-04,
       8.7101506509738386e-02 ]
rotation: !!opencv-matrix
   rows: 3
   cols: 3
   dt: d
   data: [ 1., 0., 0., 0., 1., 0., 0., 0., 1. ]
projection: !!opencv-matrix
   rows: 4
   cols: 4
   dt: d
   data: [ 3.6948070006373416e+02, 0., 2.4941665910322348e+02, 0., 0.,
       3.6888517685623077e+02, 2.0799363127453651e+02, 0., 0., 0., 1.,
       0., 0., 0., 0., 1. ]
