%YAML:1.0
depthShift: -2.0941070617091957e+00
