%YAML:1.0
cameraMatrix: !!opencv-matrix
   rows: 3
   cols: 3
   dt: d
   data: [ 1.0504933986193914e+03, 0., 9.7531547785873636e+02, 0.,
       1.0493058847366226e+03, 5.5987607625586099e+02, 0., 0., 1. ]
distortionCoefficients: !!opencv-matrix
   rows: 1
   cols: 5
   dt: d
   data: [ 7.1678385464290797e-02, -1.3553742768806770e-01,
       1.5898316446667298e-03, 2.4033771448453362e-03,
       5.9486783407313885e-02 ]
rotation: !!opencv-matrix
   rows: 3
   cols: 3
   dt: d
   data: [ 1., 0., 0., 0., 1., 0., 0., 0., 1. ]
projection: !!opencv-matrix
   rows: 4
   cols: 4
   dt: d
   data: [ 1.0504933986193914e+03, 0., 9.7531547785873636e+02, 0., 0.,
       1.0493058847366226e+03, 5.5987607625586099e+02, 0., 0., 0., 1.,
       0., 0., 0., 0., 1. ]
