%YAML:1.0
depthShift: -6.3632358100520868e+01
