%YAML:1.0
cameraMatrix: !!opencv-matrix
   rows: 3
   cols: 3
   dt: d
   data: [ 1.0847050517253685e+03, 0., 9.5518524320609356e+02, 0.,
       1.0828024827106076e+03, 5.5114694663132980e+02, 0., 0., 1. ]
distortionCoefficients: !!opencv-matrix
   rows: 1
   cols: 5
   dt: d
   data: [ 1.0311220811450188e-01, -1.9158192802005544e-01,
       -3.3553393434907869e-04, -1.0217763873963236e-03,
       1.0295087981590809e-01 ]
rotation: !!opencv-matrix
   rows: 3
   cols: 3
   dt: d
   data: [ 1., 0., 0., 0., 1., 0., 0., 0., 1. ]
projection: !!opencv-matrix
   rows: 4
   cols: 4
   dt: d
   data: [ 1.0847050517253685e+03, 0., 9.5518524320609356e+02, 0., 0.,
       1.0828024827106076e+03, 5.5114694663132980e+02, 0., 0., 0., 1.,
       0., 0., 0., 0., 1. ]
