%YAML:1.0
cameraMatrix: !!opencv-matrix
   rows: 3
   cols: 3
   dt: d
   data: [ 3.2681354610626408e+02, 0., 2.5484656468475231e+02, 0.,
       3.2661219499637525e+02, 2.0638898644830570e+02, 0., 0., 1. ]
distortionCoefficients: !!opencv-matrix
   rows: 1
   cols: 5
   dt: d
   data: [ 6.9985151813434329e-02, -2.1522815011531002e-01,
       -1.1728197488261028e-03, -9.7553445107306986e-04,
       8.1737375109548843e-02 ]
rotation: !!opencv-matrix
   rows: 3
   cols: 3
   dt: d
   data: [ 1., 0., 0., 0., 1., 0., 0., 0., 1. ]
projection: !!opencv-matrix
   rows: 4
   cols: 4
   dt: d
   data: [ 3.2681354610626408e+02, 0., 2.5484656468475231e+02, 0., 0.,
       3.2661219499637525e+02, 2.0638898644830570e+02, 0., 0., 0., 1.,
       0., 0., 0., 0., 1. ]
