%YAML:1.0
rotation: !!opencv-matrix
   rows: 3
   cols: 3
   dt: d
   data: [ 9.9996011104690907e-01, -3.2091435208052386e-03,
       8.3353292026197186e-03, 3.0085013180342589e-03,
       9.9970807222628033e-01, 2.3973302764398359e-02,
       -8.4098296577610546e-03, -2.3947269645556622e-02,
       9.9967784963039485e-01 ]
translation: !!opencv-matrix
   rows: 3
   cols: 1
   dt: d
   data: [ -6.4154915651760666e-02, -1.5041389287064952e-02,
       -8.4870569973767886e-03 ]
essential: !!opencv-matrix
   rows: 3
   cols: 3
   dt: d
   data: [ 1.5202884388312819e-04, 8.8447795948232433e-03,
       -1.4833080910969930e-02, -9.0262503698976763e-03,
       -1.5090988802268172e-03, 6.4063505707936938e-02,
       1.4847779153496559e-02, -6.4184457027035763e-02,
       -1.4126302853716536e-03 ]
fundamental: !!opencv-matrix
   rows: 3
   cols: 3
   dt: d
   data: [ 6.1625733023625903e-08, 3.5910683735440151e-06,
       -2.9838558799272267e-03, -3.6652693986997077e-06,
       -6.1378571381649022e-07, 1.0653559951292654e-02,
       8.4896757948094339e-03, -3.1358750106025714e-02, 1. ]
