%YAML:1.0
rotation: !!opencv-matrix
   rows: 3
   cols: 3
   dt: d
   data: [ 9.9995500508308455e-01, -3.4727168186234687e-03,
       -8.8276864005290556e-03, 3.5120102816754008e-03,
       9.9998397789831817e-01, 4.4395642170474894e-03,
       8.8121276131160400e-03, -4.4703673846264481e-03,
       9.9995117991948823e-01 ]
translation: !!opencv-matrix
   rows: 3
   cols: 1
   dt: d
   data: [ -5.1048914176759115e-02, 2.8683824716882120e-05,
       -3.5579580681388795e-03 ]
essential: !!opencv-matrix
   rows: 3
   cols: 3
   dt: d
   data: [ 1.2748350840911108e-05, 3.5577728349384516e-03,
       4.4478207695314835e-05, -3.1079484318746052e-03,
       -2.1585162013319569e-04, 5.1077830502710725e-02,
       -2.0796684554771531e-04, -5.1047996655064910e-02,
       -2.2638172088889968e-04 ]
fundamental: !!opencv-matrix
   rows: 3
   cols: 3
   dt: d
   data: [ 8.7797592396728503e-09, 2.4350756867576120e-06,
       -5.0094521680259187e-04, -2.1262779870503893e-06,
       -1.4675983047359128e-07, 1.3341269682753181e-02,
       1.0048524316692879e-03, -3.9816986424820747e-02,
       9.9999999999999989e-01 ]
