%YAML:1.0
depthShift: -3.1765721136749374e+01
