%YAML:1.0
cameraMatrix: !!opencv-matrix
   rows: 3
   cols: 3
   dt: d
   data: [ 1.0737166130887947e+03, 0., 9.7851234214143528e+02, 0.,
       1.0808664429762125e+03, 5.4895360579112491e+02, 0., 0., 1. ]
distortionCoefficients: !!opencv-matrix
   rows: 1
   cols: 5
   dt: d
   data: [ 8.2719612589254088e-02, -1.4276331735959741e-01,
       8.0713348623487878e-04, 4.7645149079518007e-04,
       6.9715924726346232e-02 ]
rotation: !!opencv-matrix
   rows: 3
   cols: 3
   dt: d
   data: [ 1., 0., 0., 0., 1., 0., 0., 0., 1. ]
projection: !!opencv-matrix
   rows: 4
   cols: 4
   dt: d
   data: [ 1.0737166130887947e+03, 0., 9.7851234214143528e+02, 0., 0.,
       1.0808664429762125e+03, 5.4895360579112491e+02, 0., 0., 0., 1.,
       0., 0., 0., 0., 1. ]
