%YAML:1.0
cameraMatrix: !!opencv-matrix
   rows: 3
   cols: 3
   dt: d
   data: [ 3.6538621181819110e+02, 0., 2.5504871625949889e+02, 0.,
       3.6766010334948282e+02, 2.0939738227501874e+02, 0., 0., 1. ]
distortionCoefficients: !!opencv-matrix
   rows: 1
   cols: 5
   dt: d
   data: [ 1.0580907480994106e-01, -2.8328649569659742e-01,
       3.9501053147707578e-04, -5.8755150723597909e-04,
       9.6914526472006338e-02 ]
rotation: !!opencv-matrix
   rows: 3
   cols: 3
   dt: d
   data: [ 1., 0., 0., 0., 1., 0., 0., 0., 1. ]
projection: !!opencv-matrix
   rows: 4
   cols: 4
   dt: d
   data: [ 3.6538621181819110e+02, 0., 2.5504871625949889e+02, 0., 0.,
       3.6766010334948282e+02, 2.0939738227501874e+02, 0., 0., 0., 1.,
       0., 0., 0., 0., 1. ]
